2.811903870193707533e+01
-4.147381376013284715e+00
-8.458256483298963735e-01
7.547556489223468112e-01
6.201934635196331591e+00
5.860029525974522535e+00
3.796420422062900979e+00
5.651360797353670584e-01
2.544670355237015347e+00
-5.648441690911523594e+00
-1.937422614986329616e+00
5.329794774877929381e-02
-9.519263459093871282e-02
1.033985883589265686e+00
-5.909285683680366719e-02
1.089627810792915819e-01
4.803286936852899092e-01
6.174478026347141046e-01
-1.306607202452022110e+00
-1.235382134767124995e+00
5.172076847516818177e+00
1.133295325004457954e+00
4.594922633585780680e-01
-2.533637909086677187e+00
1.616800199565928686e+00
-1.225759649117692751e+00
-7.572903407872404458e-01
-6.693679857869572203e-01
-3.073011750813019916e+00
5.527565274885215985e+00
5.024862205923576575e+00
-4.840106056705599236e-01
-9.641151721189004931e-02
-9.478302230877961865e-01
4.391104224320814819e-01
5.125075575751325552e-01
-2.750977840466456659e+00
-3.138815552883940985e+00
1.111190801804554651e+00
-2.585432854441712891e+00
-1.205772647928947006e+00
-3.149302791062585261e+00
-1.363575489196820145e+00
-2.480066634924786406e+00
-1.263215856740573240e-01
-2.292098568932178893e+00
-1.259713142906200067e+00
-1.231663031430524136e+00
-4.573537020282862908e-01
-9.556603371135476976e+00
6.855565441120069492e-01
-3.142882708863057317e+00
1.676418917451939716e+00
-9.002305558361330950e-01
-1.454210173490782410e+00
-5.393435015186697212e-01
-1.804976128876033981e+00
1.478619429767587534e-01
-1.318266618191241246e+00
8.055587159054306001e-01
-5.779759675484285708e+00
-9.809859605155508977e-02
1.457620433606465093e+00
-2.796355539094146914e-01
-3.169621095174363745e+00
-2.659279119410033587e+00
-1.995770878283962046e+00
-2.211108167822736892e+00
-1.365971158559738385e-01
7.147388702634853708e-01
-5.779759675484285708e+00
5.135639314512903120e-01
1.564820748461214883e+00
1.831898167240566755e+00
3.116444055717244588e-01
1.923700734400324519e+00
1.320400557784895845e+00
-2.973539873053880456e+00
-2.932985793351028825e+00
-9.556603371135476976e+00
6.855565441120069492e-01
7.196427251655573842e-01
-1.717114225085908386e+00
-1.434583419338223420e+00
-4.285369593004198507e-01
1.957866658377938329e-01
-1.908366953010669498e+00
1.427633051531441988e-01
3.515540877338640513e+00
-2.104114121201061227e+00
-1.562404354778344384e+00
2.363823396097261220e+00
-1.958156260401536786e+00
1.349525689293799902e+00
-6.941400059932626432e-01
9.150655884237388626e-01
7.341063920390935582e-01
-2.169413057915008824e+00
8.621783637268899625e+00
6.175474953589316307e+00
2.335302652425102377e+00
-6.819519481986129339e-01
-2.016373687096388867e+00
1.561587895411738591e+00
4.686651650106533618e-01
6.793000471794005124e-01
1.086842468532281503e+00
3.766792562465861138e+00
2.580849087368090600e-01
-1.906311923202035574e+00
-7.514739643979463368e-01
-3.232283469776039198e+00
-4.482238442676957924e-01
-3.792320667195311357e-01
1.615579938726690035e+00
5.558269017318429484e+00
2.822897936054362678e+00
1.753301087594447694e+00
1.040937697054586719e+00
-6.715715528956980762e+00
-8.791266353533041311e+00
-4.293164738006548298e+00
1.872744069660734922e+00
1.124058664955865261e+00
-1.480229094209045249e+00
-6.112415210561480405e-01
-2.639769107083220767e-01
-8.782706752035205344e-01
-4.419401801108716610e-01
-2.743572605858325186e+00
-2.223508259209921789e+00
-1.859470509472276545e+00
1.841329461409713097e+00
4.084725398339061897e+00
-1.973141915688009673e+00
4.301495169993677786e-02
-3.699044776111378496e+00
-2.021866668936584510e+00
-4.519743405320250318e+00
-8.657204612524942444e-01
-2.818038964739542518e+00
1.412311382185163222e-01
-1.469131863862046972e+00
1.989710518647493265e+00
1.615758970537334527e+00
7.792277699458394213e-01
-1.308909245718865577e+00
-1.333911843446784928e+00
8.886068789593009054e-01
1.501748449392090734e+00
-5.523574853217902980e-01
-2.776517846878694851e+00
-4.543386978551815503e-01
-1.504968399428246562e+00
1.393280370259109446e+00
1.605850035407850943e-02
3.269654205463501939e-01
-2.621743367486092158e+00
-4.967202843550706515e-01
7.649540679348321159e-01
5.232439663393305684e-01
-3.450852314555042932e-01
3.476304010577261350e-01
-3.737675791740375786e-01
-1.218617209956375014e+00
1.607239610612019864e-01
-9.043158503244940194e-01
-4.999878646015743500e-01
-1.044682551156771888e+00
-8.933413699332065860e+00
1.104005392942272401e+00
-2.137000749912913999e+00
2.644720918652090913e-01
1.086282447996617800e-01
-6.619578224105328035e-01
-2.173319773940339594e+00
-2.607992895356103444e-02
-2.475404386637171328e+00
-2.739819256616032650e+00
8.406347744737052707e-01
-5.779759675484285708e+00
-2.679910616870011530e+00
-4.009057859399933060e-02
2.719475933388689537e+00
1.198296032792776744e+00
1.152021981425769281e-01
-1.546627221428800825e+00
-6.599998112718757914e-01
-4.225227979011967783e+00
8.406347744737052707e-01
-5.779759675484285708e+00
4.687154862238445685e-01
2.445570578332868728e+00
-2.257708966284629193e-01
-1.300936500868033141e+00
2.639892723967206534e-01
-1.772201424202484166e+00
-9.956062594428575219e-01
1.643989926203804908e-01
-8.607213568879060972e+00
1.104005392942272401e+00
-9.064450018427593347e-01
-3.842214846221631563e-01
-1.540677062177268963e+00
-1.259445517442353113e+00
-2.031633652071824503e-01
6.783718653351076266e-01
-1.207982376259537416e+00
1.205880469454087001e+00
3.904696129370968105e-01
-1.206277658878486037e+00
-1.591836232715467370e+00
-3.375015378564600432e+00
2.322411935606702116e+00
2.124968852924293827e+00
2.678994656012019249e-01
-1.614582019769854160e+00
-3.953362382536509401e-01
-1.906227391608151356e+00
-2.292864429593977516e+00
1.252231704464948470e+00
-2.124433937476613909e+00
9.465242796515041523e-02
3.550864483040000241e+00
-8.811241947570203070e-01
-1.705883205543120118e+00
-3.238403157576579705e+00
-2.398109466163637737e+00
-3.153389595321040240e+00
-2.931148372749580400e+00
4.008709788984354816e+00
-1.200596095017420817e+00
6.259817887987213780e-02
-2.216582794309611248e+00
8.313142623784787189e-01
-1.023142977841074108e+00
3.616539351556742887e-01
-1.270591613496172556e+00
-3.945279177994036601e+00
3.201580974637626031e+00
-2.566596739022281692e+00
-7.961415937819445177e-02
2.958844171028363612e-01
-2.818939299182873004e+00
-2.922611018279859807e-01
-6.772761758309493452e-01
-3.287847414569691068e-02
9.763762282085224342e+00
-2.740462822592383496e+00
-6.796726351971030811e-01
1.004339266612642723e+00
-4.971803276289292195e-01
2.108169911996248480e+00
1.550051641766663213e+00
1.072812251603044942e+00
-4.390937494997137591e+00
1.245333903883860671e+00
-4.098758748235968863e-01
-1.011529036360221401e+00
1.532419332659162581e-01
3.999287718747905340e-01
2.697565753017722168e-01
-2.599738140326749436e-01
3.666176064322545614e+00
-1.238093875946064237e+00
-1.175534916931093576e+00
-2.601347877023746924e-01
1.117244891008259078e+00
2.248982008472899252e-01
1.450486058556931246e+00
1.184096912767213849e+00
-2.537045644300629732e+00
3.392796318365454069e-05
-1.260273681190390738e+00
-5.097596161056962671e+00
-1.852134619938702320e+00
-7.960050132169140813e-01
-2.212189186992291889e-01
-3.314712793866812834e+00
2.024207462366590438e+00
-5.759996797409725922e+00
-1.045439320741215372e+00
-1.177192776286152043e+00
4.163987410889470331e-01
7.920190313987580666e-01
1.238089385216305065e-02
1.004368020758618224e-01
-2.191260410054849839e+00
3.392796318365454069e-05
1.906187872471452271e+00
8.881120123167817182e-01
4.726248855052518349e-01
7.135507193560661765e-01
2.511500963268659681e-01
3.062084748682555979e+00
3.836498478161664671e+00
-1.070668779630850054e+00
1.142369406083275862e+00
-1.459029041161157281e+00
-1.082412813830761600e+00
6.465297540515526631e-01
1.171212097552068787e+00
1.054922387510826703e-01
-2.408550529906961835e+00
-4.682881079053330953e-01
-2.732640314982930918e-01
7.167320594685958057e-02
8.971481935987988265e-01
1.746819374590532048e+00
-4.749883504429190939e-01
1.910386294816389663e-01
6.399280975032677787e+00
1.277177952690332852e+00
-3.963479589317626672e-01
-9.740972676379084927e-01
-2.055994734337589946e+00
1.138996153046031745e+00
1.449030387463918546e+00
7.897635416208845793e-01
2.557539203466510536e+00
2.196593041489162346e+00
-5.575881236054851531e-01
7.395116693613046355e-01
-1.709882721168413999e+00
-2.505356247908199663e+00
6.149755445334254000e-01
-4.853845996877453328e-01
-1.108290261410254773e+00
-1.497348861385815688e+00
-3.602291296681617294e-01
-1.155254720266741586e+00
-3.153840530047587465e-01
-4.462731653862908043e-01
3.793302482926327324e-01
9.559457994707423190e-01
2.791455114083274847e+00
-1.337243124515285819e+00
-6.659746427267183577e-01
5.297177004892319463e-01
-1.543992180780011214e+00
-1.462892281115656834e+00
2.596314600334765021e+00
4.152281244953822004e+00
-4.045608195986292621e+00
3.509684184180263955e-01
7.878741502705315369e-01
9.717683154952765079e-02
1.958352346117040732e-01
3.501180668289627818e+00
5.581997006803869343e-01
-4.599771143134477325e-01
-1.822697821820171038e+00
-5.779759675484285708e+00
4.683481447857375524e-01
-2.871466104466518510e-01
-1.111143304587740577e-01
-8.381580513666951893e-01
9.842216513630400732e-01
2.404151996932310187e+00
-4.268859656610318964e+00
3.509684184180263955e-01
-4.820729206778864295e-01
7.057871475611726675e-01
-4.054753633264131629e+00
-7.649803851539126454e-01
1.855155998826869546e+00
-2.147437666738511719e-01
7.076921978622185971e-01
-1.337243124515285819e+00
-8.671052175492129088e-02
-5.193273244658658250e-01
-9.989997883878907192e-01
-1.292741800240263084e+00
3.709224989877836220e-01
-2.057061227930962188e-01
-9.038419208872500832e+00
1.499782500486208647e+00
3.314305856944400053e-01
-1.011487279089966218e-01
-9.532119854739039555e-01
1.657032078675404696e+00
7.631816305199258244e-01
1.661319505402189423e+00
4.775960334489623982e+00
-1.197393709516246574e+00
